X = [1 3.2 3.5 4 4.2 5];